0, 10.000000
1, 10.000000
2, 10.000000
3, 10.000000
4, 10.000000
5, 10.000000
6, 10.000000
7, 10.000000
8, 10.000000
9, 10.000000
10, 10.000000
11, 10.000000
12, 10.000000
13, 10.000000
14, 10.000000
15, 10.000000
16, 10.000000
17, -2.705148
18, -2.705148
19, -2.705148
20, -2.705148
21, -2.705148
22, -2.705148
23, -2.705148
24, -2.705148
25, -2.705148
26, -2.705148
27, -2.705148
28, -2.705148
29, -2.705148
30, -0.725248
31, -0.725248
32, -0.725248
33, -0.725248
34, -0.725248
35, -0.725248
36, -0.725248
37, -0.725248
38, -0.725248
39, -0.725248
40, -0.725248
41, -0.725248
42, -0.725248
43, -0.725248
44, -0.725248
45, -0.725248
46, -0.725248
47, -0.725248
48, -0.725248
49, -0.725248
50, -0.725248
51, -0.725248
52, -0.725248
53, -0.725248
54, -0.725248
55, -0.725248
56, -0.725248
57, -0.725248
58, -0.725248
59, -0.725248
60, -0.725248
61, -0.725248
62, -0.725248
63, -0.725248
64, -0.725248
65, -0.725248
66, -0.725248
67, -0.725248
68, -0.725248
69, -0.725248
70, -0.725248
71, -0.725248
72, -0.725248
73, -0.725248
74, -0.725248
75, -0.725248
76, -0.725248
77, -0.725248
78, -0.725248
79, -0.725248
80, -0.725248
81, -0.725248
82, -0.725248
83, -0.725248
84, -0.725248
85, -0.725248
86, -0.725248
87, -0.725248
88, -0.725248
89, -0.725248
90, -0.725248
91, -0.725248
92, -0.725248
93, -0.725248
94, -0.725248
95, -0.725248
96, -0.725248
97, -0.725248
98, -0.725248
99, -0.725248
100, -0.725248
101, -0.725248
102, -0.725248
103, -0.725248
104, -0.725248
105, -0.725248
106, -0.725248
107, -0.725248
108, -0.725248
109, -0.725248
110, -0.725248
111, -0.725248
112, -0.725248
113, -0.725248
114, -0.725248
115, -0.725248
116, -0.725248
117, -0.725248
118, -0.725248
119, -0.725248
120, 1.635571
121, 1.635571
122, 1.635571
123, 1.635571
124, 1.635571
125, 1.635571
126, 1.635571
127, 1.635571
128, 1.635571
129, 1.635571
130, 1.635571
131, 1.635571
132, 1.635571
133, 1.635571
134, 1.635571
135, 1.635571
136, 1.635571
137, 2.221106
138, 2.221106
139, 2.221106
140, 2.221106
141, 2.221106
142, -1.068868
143, -1.068868
144, -1.068868
145, -1.068868
146, -1.068868
147, -1.068868
148, -1.068868
149, -1.068868
150, -1.068868
151, -1.068868
152, -1.068868
153, -1.068868
154, -1.068868
155, -1.068868
156, -1.068868
157, -1.068868
158, -1.068868
159, -1.068868
160, -1.068868
161, -1.068868
162, -1.068868
163, -1.068868
164, -1.068868
165, -1.068868
166, -1.068868
167, -1.068868
168, -1.068868
169, -1.068868
170, -1.068868
171, -1.068868
172, -1.068868
173, -1.068868
174, -1.068868
175, -1.068868
176, -1.068868
177, -1.068868
178, -1.068868
179, -1.068868
180, -1.068868
181, -1.068868
182, -1.068868
183, -1.068868
184, -1.068868
185, -1.068868
186, -1.068868
187, -1.068868
188, -1.068868
189, -1.068868
190, -1.068868
191, -1.068868
192, -1.068868
193, -1.068868
194, -1.068868
195, -1.068868
196, -1.068868
197, -1.068868
198, -1.068868
199, -1.068868
200, -1.068868
201, -1.068868
202, -1.068868
203, -1.068868
204, -1.068868
205, -1.068868
206, -1.068868
207, -1.068868
208, -1.068868
209, -1.068868
210, -1.068868
211, -1.068868
212, -1.068868
213, -1.068868
214, -1.068868
215, -1.068868
216, -1.068868
217, -1.068868
218, -1.068868
219, -1.068868
220, -1.068868
221, -1.068868
222, -1.068868
223, -1.068868
224, -1.068868
225, -1.068868
226, 0.615443
227, 0.615443
228, 0.615443
229, 0.615443
230, 0.615443
231, 0.615443
232, 0.615443
233, 0.615443
234, 0.615443
235, 0.615443
236, 0.615443
237, 0.615443
238, 0.615443
239, 0.615443
240, 0.615443
241, 0.615443
242, 0.615443
243, 0.615443
244, 0.615443
245, 0.615443
246, 0.615443
247, 0.615443
248, 0.615443
249, 0.615443
250, 0.615443
251, 0.615443
252, 0.615443
253, 0.615443
254, 0.615443
255, 0.615443
256, 0.615443
257, 0.615443
258, 0.615443
259, 0.615443
260, 0.615443
261, 0.615443
262, 0.615443
263, 0.615443
264, 0.615443
265, 0.615443
266, 0.615443
267, 0.615443
268, 0.615443
269, 0.615443
270, 0.615443
271, 0.615443
272, 0.615443
273, 0.615443
274, 0.615443
275, 0.615443
276, 0.615443
277, 0.615443
278, 0.615443
279, 0.615443
280, 0.615443
281, 0.615443
282, 0.615443
283, 0.615443
284, 0.615443
285, 0.615443
286, 0.615443
287, 0.615443
288, 0.615443
289, 0.615443
290, 0.615443
291, 0.615443
292, 0.615443
293, 0.615443
294, 0.615443
295, 0.615443
296, 0.615443
297, 0.615443
298, 0.615443
299, 0.615443
300, 0.615443
301, 0.615443
302, 0.615443
303, 0.615443
304, 0.615443
305, 0.615443
306, 0.615443
307, 0.615443
308, 0.615443
309, 0.615443
310, 0.615443
311, 0.615443
312, 0.615443
313, 0.615443
314, 0.615443
315, 0.615443
316, 0.615443
317, 0.615443
318, 0.615443
319, 0.615443
320, 0.615443
321, 0.615443
322, 0.615443
323, 0.615443
324, 0.615443
325, 0.615443
326, 0.615443
327, 0.615443
328, 0.615443
329, 0.615443
330, 0.615443
331, 0.615443
332, 0.615443
333, 0.615443
334, 0.615443
335, 0.615443
336, 0.615443
337, 0.615443
338, 0.615443
339, 0.615443
340, 0.615443
341, 0.615443
342, 0.615443
343, 0.615443
344, 0.615443
345, 0.615443
346, 0.615443
347, 0.615443
348, 0.615443
349, 0.615443
350, 0.615443
351, 0.615443
352, 0.615443
353, 0.615443
354, 0.615443
355, 0.615443
356, 0.615443
357, 0.615443
358, 0.615443
359, 0.615443
360, 0.615443
361, 0.615443
362, 0.615443
363, 0.615443
364, 0.615443
365, 0.615443
366, 0.615443
367, 0.615443
368, 0.615443
369, 0.615443
370, 0.615443
371, 0.615443
372, 0.615443
373, 0.615443
374, 0.615443
375, 0.615443
376, 0.615443
377, 0.615443
378, 0.615443
379, 0.615443
380, 0.615443
381, 0.615443
382, 0.615443
383, 0.615443
384, 0.615443
385, 0.615443
386, 0.615443
387, 0.615443
388, 0.615443
389, 0.615443
390, 0.615443
391, 0.615443
392, 0.615443
393, 0.615443
394, 0.615443
395, 0.615443
396, 0.615443
397, 0.615443
398, 0.615443
399, 0.615443
400, 0.615443
401, 0.615443
402, 0.615443
403, 0.615443
404, 0.615443
405, 0.615443
406, 0.615443
407, 0.615443
408, 0.615443
409, 0.615443
410, 0.615443
411, 0.615443
412, 0.615443
413, 0.615443
414, 0.615443
415, 0.615443
416, 0.615443
417, 0.615443
418, 0.615443
419, 0.615443
420, 0.615443
421, 0.615443
422, 0.615443
423, 0.615443
424, 0.615443
425, 0.615443
426, 0.615443
427, -1.299976
428, -1.299976
429, -1.299976
430, -1.299976
431, -1.299976
432, -1.299976
433, -1.299976
434, -1.299976
435, -1.299976
436, -1.299976
437, -1.299976
438, -1.299976
439, -1.299976
440, -1.299976
441, -1.299976
442, -1.299976
443, -1.299976
444, -1.299976
445, -1.299976
446, -1.299976
447, -1.299976
448, -1.299976
449, -1.299976
450, -1.299976
451, -1.299976
452, -1.299976
453, -1.299976
454, -1.299976
455, -1.299976
456, -1.299976
457, -1.299976
458, -1.299976
459, -1.299976
460, -1.299976
461, -1.299976
462, -1.299976
463, -1.299976
464, -1.299976
465, -1.299976
466, -1.299976
467, -1.299976
468, -1.299976
469, -1.299976
470, -1.299976
471, -1.299976
472, -1.299976
473, -1.299976
474, -1.299976
475, -1.299976
476, -1.299976
477, -1.299976
478, -1.299976
479, -1.299976
480, -1.299976
481, -1.299976
482, -1.299976
483, -1.299976
484, -1.299976
485, -1.299976
486, -1.299976
487, -1.299976
488, -1.299976
489, -1.299976
490, -1.299976
491, -1.299976
492, -1.299976
493, -1.299976
494, -1.299976
495, -1.299976
496, -1.299976
497, -1.299976
498, -1.299976
499, -1.299976
500, -1.299976
501, -1.299976
502, -1.299976
503, -1.299976
504, -1.299976
505, -1.299976
506, -1.299976
507, -1.299976
508, -1.299976
509, -1.299976
510, -1.299976
511, -1.299976
512, -1.299976
513, -1.299976
514, -1.299976
515, -1.299976
516, -1.299976
517, -1.299976
518, -1.299976
519, -1.299976
520, -1.299976
521, -1.299976
522, -1.299976
523, -1.299976
524, -1.299976
525, -1.299976
526, -1.299976
527, -1.299976
528, -1.299976
529, -1.299976
530, -1.299976
531, -1.299976
532, -1.299976
533, -1.299976
534, -1.299976
535, -1.299976
536, -1.299976
537, -1.299976
538, -1.299976
539, -1.299976
540, -1.299976
541, -1.299976
542, -1.299976
543, -1.299976
544, -1.299976
545, -1.299976
546, -1.299976
547, -1.299976
548, -1.299976
549, -1.299976
550, -1.299976
551, -1.299976
552, -1.299976
553, -1.299976
554, -1.299976
555, -1.299976
556, -1.299976
557, -1.299976
558, -1.299976
559, -1.299976
560, -1.299976
561, -1.299976
562, -1.299976
563, -1.299976
564, -1.299976
565, -1.299976
566, -1.299976
567, -1.299976
568, -1.299976
569, -1.299976
570, -1.299976
571, -1.299976
572, -1.299976
573, -1.299976
574, -1.299976
575, -1.299976
576, -1.299976
577, -1.299976
578, -1.299976
579, -1.299976
580, -1.299976
581, -1.299976
582, -1.299976
583, -1.299976
584, -1.299976
585, -1.299976
586, -1.299976
587, 0.979382
588, 0.979382
589, 0.979382
590, 0.979382
591, 0.979382
592, 0.979382
593, 0.979382
594, 0.979382
595, 0.979382
596, 0.979382
597, 0.979382
598, 0.979382
599, 0.979382
600, 0.979382
601, 0.979382
602, 0.979382
603, 0.979382
604, 0.979382
605, -0.232341
606, -0.232341
607, -0.232341
608, -0.232341
609, -0.232341
610, -0.232341
611, -0.232341
612, -0.232341
613, -0.232341
614, -0.232341
615, -0.232341
616, -0.232341
617, -0.232341
618, -0.232341
619, -0.232341
620, -0.232341
621, -0.232341
622, -0.232341
623, -0.232341
624, -0.232341
625, -0.232341
626, -0.232341
627, -0.232341
628, -0.232341
629, -0.232341
630, -0.232341
631, -0.232341
632, -0.232341
633, -0.232341
634, -0.232341
635, -0.232341
636, -0.232341
637, -0.232341
638, -0.232341
639, -0.232341
640, -0.232341
641, -0.232341
642, -0.232341
643, -0.232341
644, -0.232341
645, -0.232341
646, -0.232341
647, -0.232341
648, -0.232341
649, -0.232341
650, -0.232341
651, -0.232341
652, -0.232341
653, -0.232341
654, -0.232341
655, -0.232341
656, -0.232341
657, -0.232341
658, -0.232341
659, -0.232341
660, -0.232341
661, -0.232341
662, -0.232341
663, -0.232341
664, -0.232341
665, -0.232341
666, -0.232341
667, -0.232341
668, -0.232341
669, -0.232341
670, -0.232341
671, -0.232341
672, -0.232341
673, -0.232341
674, -0.232341
675, -0.232341
676, -0.232341
677, -0.232341
678, -0.232341
679, -0.232341
680, -0.232341
681, -0.232341
682, -0.232341
683, -0.232341
684, -0.232341
685, -0.232341
686, -0.232341
687, -0.232341
688, -0.232341
689, -0.232341
690, -0.232341
691, -0.232341
692, -0.232341
693, -0.232341
694, -0.232341
695, -0.232341
696, -0.232341
697, -0.232341
698, -0.232341
699, -0.232341
700, -0.232341
701, -0.232341
702, -0.232341
703, -0.232341
704, -0.232341
705, -0.232341
706, -0.232341
707, -0.232341
708, -0.232341
709, -0.232341
710, -0.232341
711, -0.232341
712, -0.232341
713, -0.232341
714, -0.232341
715, -0.232341
716, -0.232341
717, -0.232341
718, -0.232341
719, -0.232341
720, -0.232341
721, -0.232341
722, -0.232341
723, -0.232341
724, -0.232341
725, -0.232341
726, -0.232341
727, -0.232341
728, -0.232341
729, -0.232341
730, -0.232341
731, 0.394289
732, 0.394289
733, 0.394289
734, 0.394289
735, 0.394289
736, 0.394289
737, 0.394289
738, 0.394289
739, 0.394289
740, 0.394289
741, 0.394289
742, 0.394289
743, 0.394289
744, 0.394289
745, 0.394289
746, 0.394289
747, 0.394289
748, 0.394289
749, 0.394289
750, 0.394289
751, 0.394289
752, 0.394289
753, 0.394289
754, 0.394289
755, 0.394289
756, 0.394289
757, 0.394289
758, 0.394289
759, 0.394289
760, 0.394289
761, 0.394289
762, 0.394289
763, 0.394289
764, 0.394289
765, 0.394289
766, 0.394289
767, 0.394289
768, 0.394289
769, 0.394289
770, 0.394289
771, 0.394289
772, 0.394289
773, 0.394289
774, 0.394289
775, 0.394289
776, 0.394289
777, 0.394289
778, 0.394289
779, 0.394289
780, 0.394289
781, 0.394289
782, 0.394289
783, 0.394289
784, 0.394289
785, 0.394289
786, 0.394289
787, 0.394289
788, 0.394289
789, 0.394289
790, 0.394289
791, 0.394289
792, 0.394289
793, 0.394289
794, 0.394289
795, 0.394289
796, 0.394289
797, 0.394289
798, 0.394289
799, 0.394289
800, 0.394289
801, 0.394289
802, 0.394289
803, 0.394289
804, 0.394289
805, 0.394289
806, 0.394289
807, 0.394289
808, 0.394289
809, 0.394289
810, 0.394289
811, 0.394289
812, 0.394289
813, 0.394289
814, 0.394289
815, 0.394289
816, 0.394289
817, 0.394289
818, 0.394289
819, 0.394289
820, 0.394289
821, 0.394289
822, 0.394289
823, 0.394289
824, 0.394289
825, 0.394289
826, 0.394289
827, 0.394289
828, 0.394289
829, 0.394289
830, 0.394289
831, 0.394289
832, 0.394289
833, 0.394289
834, 0.394289
835, 0.394289
836, 0.394289
837, 0.394289
838, 0.394289
839, 0.394289
840, 0.394289
841, 1.465891
842, 1.465891
843, 1.465891
844, 1.465891
845, 1.465891
846, 1.465891
847, 1.465891
848, 1.465891
849, 1.465891
850, 1.465891
851, 1.465891
852, 1.465891
853, 1.465891
854, 1.465891
855, 1.465891
856, 0.134589
857, 0.134589
858, 0.134589
859, 0.134589
860, 0.134589
861, 0.134589
862, 0.134589
863, 0.134589
864, 0.134589
865, 0.134589
866, 0.134589
867, 0.134589
868, 0.134589
869, 0.134589
870, 0.134589
871, 0.134589
872, 0.134589
873, 0.134589
874, 0.134589
875, 0.134589
876, 0.134589
877, 0.134589
878, 0.134589
879, 0.134589
880, 0.134589
881, 0.134589
882, 0.134589
883, 0.134589
884, 0.134589
885, 0.134589
886, 0.134589
887, 0.134589
888, 0.134589
889, 0.134589
890, 0.134589
891, 0.134589
892, 0.134589
893, 0.134589
894, 0.134589
895, 0.134589
896, 0.134589
897, 0.134589
898, 0.134589
899, 0.134589
900, 0.134589
901, 0.134589
902, 0.134589
903, 0.134589
904, 0.134589
905, 0.134589
906, 0.134589
907, 0.134589
908, 0.134589
909, 0.134589
910, 0.134589
911, 0.134589
912, 0.134589
913, 0.134589
914, 0.134589
915, 0.134589
916, 0.134589
917, 0.134589
918, 0.134589
919, 0.134589
920, 0.134589
921, 0.134589
922, 0.134589
923, 0.134589
924, 0.134589
925, 0.134589
926, 0.134589
927, 0.134589
928, 0.134589
929, 0.134589
930, 0.134589
931, 0.134589
932, 0.134589
933, 0.134589
934, 0.134589
935, 0.134589
936, 0.134589
937, 0.134589
938, 0.134589
939, 0.134589
940, 0.134589
941, 0.134589
942, 0.134589
943, 0.134589
944, 0.134589
945, 0.134589
946, 0.134589
947, 0.134589
948, 0.134589
949, 0.134589
950, 0.134589
951, 0.134589
952, 0.134589
953, 0.134589
954, 0.134589
955, 0.134589
956, 0.134589
957, 0.134589
958, 0.134589
959, 0.134589
960, 0.134589
961, 0.134589
962, 0.134589
963, 0.134589
964, 0.134589
965, 0.134589
966, 0.134589
967, 0.134589
968, 0.134589
969, 0.134589
970, 0.134589
971, 0.134589
972, 0.134589
973, 0.134589
974, 0.134589
975, 0.134589
976, 0.134589
977, 0.134589
978, 0.134589
979, 0.134589
980, 0.134589
981, 0.134589
982, 0.134589
983, 0.134589
984, 0.134589
985, 0.134589
986, 0.134589
987, 0.134589
988, 0.134589
989, 0.134589
990, 0.134589
991, 0.134589
992, 0.134589
993, 0.134589
994, 0.134589
995, 0.134589
996, 0.134589
997, 0.134589
998, 0.134589
999, 0.134589
