0, 10.000000
1, 0.695180
2, 0.695180
3, 0.695180
4, 0.695180
5, 0.695180
6, 0.695180
7, 0.695180
8, 0.695180
9, 0.695180
10, 0.695180
11, 0.695180
12, 0.695180
13, 0.695180
14, 0.695180
15, 0.695180
16, 0.695180
17, 0.695180
18, 0.695180
19, 0.695180
20, 0.695180
21, 0.695180
22, 0.695180
23, 0.695180
24, 0.695180
25, 0.695180
26, 0.695180
27, 0.695180
28, 0.829111
29, 0.829111
30, 0.829111
31, 0.829111
32, 0.829111
33, 0.829111
34, 0.829111
35, 0.829111
36, 0.829111
37, 0.829111
38, 0.829111
39, 0.829111
40, 0.829111
41, 0.829111
42, 0.829111
43, 0.829111
44, 1.513230
45, -1.021296
46, -1.021296
47, -1.021296
48, -1.021296
49, -1.021296
50, -1.021296
51, -1.021296
52, -1.021296
53, -1.021296
54, 0.605730
55, 0.605730
56, 0.605730
57, 0.605730
58, 0.605730
59, 0.605730
60, 0.605730
61, 0.605730
62, 0.605730
63, 0.605730
64, 0.605730
65, 0.605730
66, 0.605730
67, 0.605730
68, 0.605730
69, 0.605730
70, 0.605730
71, 0.605730
72, 0.605730
73, 0.605730
74, 0.605730
75, 0.605730
76, 0.605730
77, 0.605730
78, 0.605730
79, 0.605730
80, 0.605730
81, 0.605730
82, 0.605730
83, 0.605730
84, 0.605730
85, 0.605730
86, 0.605730
87, 0.605730
88, 0.605730
89, 0.605730
90, 0.605730
91, 0.605730
92, 0.605730
93, 0.605730
94, 0.605730
95, 0.605730
96, 0.605730
97, 0.605730
98, 0.605730
99, 0.605730
100, 0.605730
101, 0.605730
102, 0.605730
103, 0.605730
104, 0.605730
105, 0.605730
106, 0.605730
107, 0.605730
108, 0.605730
109, 0.605730
110, 0.605730
111, 0.605730
112, 0.605730
113, 0.605730
114, 0.605730
115, 0.605730
116, 0.605730
117, 0.605730
118, 0.605730
119, 0.605730
120, 0.605730
121, 0.605730
122, 0.605730
123, 0.605730
124, 0.605730
125, 0.605730
126, 0.605730
127, 0.605730
128, 0.605730
129, 0.605730
130, 0.301513
131, 0.301513
132, 0.632616
133, 0.632616
134, 0.632616
135, 0.632616
136, 0.632616
137, 0.632616
138, 0.632616
139, 0.632616
140, 0.632616
141, 0.632616
142, 0.632616
143, 0.632616
144, 0.632616
145, 0.632616
146, 0.632616
147, 0.632616
148, 0.632616
149, 0.632616
150, 0.632616
151, 0.632616
152, 0.632616
153, 0.632616
154, 0.632616
155, 0.632616
156, 0.632616
157, -0.601272
158, -0.601272
159, -0.601272
160, -0.601272
161, -0.601272
162, -0.601272
163, -0.601272
164, -0.601272
165, -0.601272
166, -0.601272
167, -0.601272
168, -0.601272
169, -0.601272
170, -0.601272
171, -0.601272
172, -0.601272
173, -0.601272
174, -0.601272
175, -0.601272
176, -0.601272
177, -0.601272
178, -0.601272
179, -0.601272
180, -0.601272
181, -0.601272
182, -0.601272
183, -0.601272
184, -0.601272
185, -0.601272
186, -0.601272
187, -0.601272
188, -0.601272
189, -0.601272
190, -0.601272
191, -0.601272
192, -0.601272
193, -0.601272
194, -0.571102
195, -0.571102
196, -0.571102
197, -0.571102
198, -0.571102
199, -0.571102
200, -0.571102
201, -0.571102
202, -0.571102
203, -0.571102
204, -0.571102
205, -0.571102
206, -0.571102
207, -0.571102
208, -0.571102
209, -0.571102
210, -0.571102
211, -0.571102
212, -0.571102
213, -0.571102
214, -0.571102
215, -0.571102
216, -0.571102
217, -0.571102
218, -0.571102
219, -0.571102
220, -0.571102
221, -0.571102
222, -0.571102
223, -0.571102
224, -0.571102
225, 0.394460
226, 0.394460
227, 0.394460
228, 0.394460
229, 0.394460
230, 0.394460
231, 0.394460
232, 0.394460
233, 0.394460
234, 0.394460
235, 0.394460
236, 0.394460
237, 0.394460
238, 0.394460
239, 0.394460
240, 0.394460
241, 0.394460
242, 0.394460
243, 0.394460
244, 0.394460
245, 0.394460
246, 0.394460
247, 0.394460
248, 0.394460
249, 0.394460
250, 0.394460
251, -0.758600
252, -0.758600
253, -0.758600
254, -0.758600
255, -0.758600
256, -0.758600
257, -0.758600
258, -0.758600
259, -0.758600
260, -0.758600
261, -0.758600
262, -0.758600
263, -0.758600
264, -0.758600
265, -0.758600
266, -0.758600
267, -0.758600
268, -0.758600
269, -0.758600
270, -0.758600
271, -0.758600
272, -0.758600
273, -0.758600
274, -1.532853
275, -1.532853
276, -1.532853
277, -1.532853
278, -1.532853
279, -1.532853
280, -1.532853
281, -1.532853
282, -0.531866
283, -0.531866
284, -0.531866
285, -0.531866
286, -0.531866
287, -0.531866
288, -0.531866
289, -0.531866
290, -0.531866
291, 0.869245
292, 0.869245
293, 0.039831
294, 0.039831
295, 0.039831
296, 0.039831
297, 0.039831
298, 0.039831
299, 0.039831
300, 0.039831
301, 0.039831
302, 0.039831
303, 0.039831
304, 0.039831
305, 0.039831
306, 0.039831
307, 0.039831
308, 0.039831
309, 0.039831
310, 0.039831
311, 0.039831
312, 0.039831
313, 0.039831
314, 0.039831
315, 0.039831
316, 0.039831
317, 0.039831
318, 0.039831
319, 0.039831
320, 0.039831
321, 0.039831
322, -0.241057
323, -0.241057
324, -0.241057
325, -0.241057
326, -0.505398
327, -0.505398
328, -0.505398
329, -0.505398
330, -0.505398
331, -0.505398
332, -0.505398
333, -0.505398
334, 1.715290
335, 1.715290
336, 1.715290
337, 1.715290
338, 1.715290
339, 1.715290
340, 1.715290
341, -0.060753
342, -0.060753
343, -0.060753
344, -0.060753
345, -0.060753
346, -0.060753
347, -0.060753
348, -0.060753
349, -0.060753
350, -0.058015
351, -0.058015
352, -0.058015
353, -0.058015
354, -0.058015
355, -0.058015
356, -0.058015
357, -0.058015
358, -0.058015
359, -0.058015
360, -0.058015
361, -0.058015
362, -0.058015
363, -0.058015
364, -0.058015
365, 1.304631
366, 1.304631
367, 1.304631
368, 1.304631
369, 1.304631
370, 1.304631
371, 1.304631
372, 1.304631
373, 1.021129
374, 1.021129
375, 1.021129
376, 1.021129
377, 1.021129
378, 1.021129
379, 1.021129
380, 1.021129
381, 1.021129
382, 1.021129
383, 1.021129
384, 1.021129
385, 1.021129
386, 1.021129
387, 1.021129
388, 1.021129
389, 1.021129
390, -1.081589
391, -1.081589
392, -1.081589
393, -1.081589
394, -1.081589
395, -1.081589
396, -1.081589
397, -1.081589
398, -1.081589
399, -1.081589
400, -1.081589
401, -1.723665
402, -1.723665
403, -1.255719
404, -1.264586
405, -1.264586
406, -1.264586
407, -1.264586
408, -1.264586
409, -1.264586
410, -1.264586
411, -1.264586
412, -1.264586
413, -1.264586
414, -1.264586
415, -1.264586
416, -1.264586
417, -1.264586
418, -1.264586
419, -1.264586
420, 0.077954
421, 0.077954
422, 0.077954
423, 0.077954
424, 0.077954
425, 0.077954
426, 0.077954
427, 0.077954
428, 0.077954
429, 0.077954
430, 0.077954
431, 0.077954
432, 0.077954
433, 0.077954
434, 0.077954
435, 0.077954
436, 0.077954
437, 0.077954
438, 0.077954
439, 0.077954
440, 0.077954
441, 0.077954
442, 0.077954
443, 0.077954
444, 0.077954
445, 0.077954
446, 0.077954
447, 0.077954
448, 0.077954
449, 0.077954
450, 0.077954
451, 0.077954
452, 0.077954
453, 0.077954
454, 0.077954
455, 0.726750
456, 0.768272
457, 0.768272
458, 0.768272
459, 0.768272
460, 0.768272
461, -0.885090
462, -0.885090
463, -0.885090
464, -0.885090
465, -0.885090
466, -0.885090
467, -0.885090
468, -0.885090
469, -0.885090
470, -0.885090
471, -0.885090
472, -0.885090
473, -0.885090
474, 0.660215
475, 0.660215
476, 0.660215
477, 0.660215
478, 0.660215
479, 0.660215
480, 0.660215
481, 0.660215
482, 0.660215
483, 0.660215
484, 0.660215
485, 0.660215
486, 0.660215
487, 0.660215
488, 0.660215
489, 0.660215
490, 0.660215
491, 0.660215
492, 0.660215
493, 0.660215
494, 0.660215
495, 0.660215
496, 0.660215
497, 0.660215
498, 0.660215
499, 1.384512
500, 1.384512
501, 1.384512
502, 1.384512
503, 1.384512
504, 1.384512
505, 1.384512
506, 1.384512
507, 1.384512
508, 1.384512
509, 1.384512
510, 1.384512
511, 1.384512
512, 1.384512
513, 1.384512
514, 1.384512
515, 1.384512
516, 1.384512
517, 1.384512
518, 1.384512
519, 1.384512
520, 1.384512
521, -0.616959
522, -0.616959
523, -0.616959
524, -0.377918
525, -0.377918
526, -0.377918
527, 0.749825
528, 0.749825
529, 0.749825
530, 0.749825
531, 0.749825
532, 0.749825
533, 0.749825
534, 0.749825
535, 0.749825
536, 0.749825
537, 0.749825
538, 0.749825
539, 0.749825
540, 0.749825
541, -0.039466
542, -0.039466
543, -0.039466
544, -0.039466
545, -0.039466
546, -0.039466
547, -0.039466
548, -0.039466
549, -0.039466
550, -0.039466
551, 0.064396
552, 0.064396
553, 0.064396
554, 0.064396
555, 0.064396
556, 0.064396
557, 0.064396
558, 0.064396
559, 0.064396
560, 0.064396
561, 0.064396
562, 0.064396
563, 0.064396
564, 0.064396
565, 0.064396
566, 0.064396
567, 0.064396
568, 0.064396
569, 0.064396
570, 0.064396
571, 0.064396
572, 0.064396
573, 0.064396
574, 0.064396
575, 0.064396
576, 0.064396
577, 0.955812
578, 0.955812
579, 0.955812
580, 0.955812
581, 0.955812
582, 0.955812
583, 0.955812
584, 0.955812
585, 0.955812
586, 0.955812
587, 0.955812
588, 0.955812
589, 0.955812
590, 0.955812
591, 0.955812
592, 0.955812
593, 0.955812
594, 0.955812
595, 0.955812
596, 0.955812
597, 0.955812
598, 0.955812
599, 0.955812
600, 0.955812
601, 0.955812
602, 0.955812
603, 0.955812
604, -0.049757
605, -0.049757
606, -0.049757
607, -0.049757
608, -0.049757
609, -0.049757
610, -0.049757
611, -0.049757
612, -0.049757
613, -0.049757
614, -0.049757
615, -0.049757
616, -0.049757
617, -0.049757
618, -0.049757
619, -0.049757
620, 0.023547
621, 0.023547
622, 0.023547
623, 0.023547
624, 0.023547
625, 0.023547
626, 0.023547
627, 0.023547
628, 0.023547
629, 0.023547
630, 0.023547
631, 1.083723
632, 1.083723
633, -0.209144
634, -0.209144
635, -0.209144
636, -0.209144
637, -0.209144
638, -0.209144
639, -0.209144
640, -0.209144
641, -0.209144
642, -0.209144
643, -0.209144
644, -0.209144
645, -0.209144
646, -0.209144
647, -0.209144
648, -0.209144
649, -0.209144
650, -0.209144
651, -0.209144
652, -0.209144
653, -0.209144
654, -0.209144
655, -0.209144
656, -0.209144
657, -0.209144
658, -0.209144
659, -0.209144
660, -0.209144
661, -0.209144
662, -0.209144
663, -0.209144
664, -0.209144
665, -0.209144
666, -0.209144
667, -0.209144
668, -0.209144
669, -0.209144
670, -0.209144
671, -0.209144
672, -0.209144
673, -0.209144
674, -0.209144
675, -0.209144
676, -0.209144
677, -0.209144
678, -0.209144
679, -0.209144
680, -0.209144
681, -0.209144
682, -0.209144
683, -0.209144
684, -0.209144
685, -0.209144
686, -0.209144
687, -0.209144
688, -0.209144
689, -0.209144
690, -0.209144
691, -0.209144
692, -0.209144
693, 0.269916
694, 0.269916
695, 0.269916
696, 0.269916
697, -0.468369
698, -0.468369
699, -0.468369
700, -0.468369
701, -0.468369
702, 0.550882
703, 0.550882
704, 0.550882
705, 0.550882
706, 0.550882
707, 0.550882
708, 0.346817
709, 0.346817
710, 0.346817
711, 0.346817
712, 0.346817
713, 0.346817
714, 0.346817
715, 0.346817
716, 0.346817
717, 0.346817
718, 0.016142
719, 0.016142
720, 0.016142
721, 0.016142
722, 0.016142
723, 0.728956
724, 0.728956
725, 0.728956
726, 0.728956
727, 0.728956
728, 0.728956
729, 0.728956
730, 0.728956
731, 0.728956
732, 0.728956
733, 0.728956
734, 0.728956
735, 0.728956
736, 0.728956
737, 0.728956
738, 0.728956
739, 0.728956
740, 0.728956
741, 0.728956
742, 0.728956
743, 0.758383
744, 0.758383
745, 0.758383
746, 0.758383
747, 0.758383
748, 0.758383
749, 0.758383
750, 0.758383
751, 0.758383
752, 0.758383
753, 0.758383
754, 0.758383
755, 0.758383
756, 0.758383
757, 0.758383
758, 0.758383
759, 0.758383
760, 0.758383
761, 0.080430
762, 0.080430
763, 0.080430
764, 0.080430
765, 0.080430
766, 0.080430
767, 0.080430
768, 0.080430
769, 0.080430
770, 0.080430
771, 0.080430
772, 0.080430
773, 0.080430
774, 0.080430
775, 0.080430
776, 0.080430
777, 0.080430
778, 0.080430
779, 0.080430
780, -0.200856
781, -0.200856
782, -0.200856
783, -0.200856
784, -0.200856
785, -0.200856
786, -0.200856
787, -0.200856
788, -0.200856
789, -0.200856
790, -0.200856
791, -0.200856
792, -0.200856
793, -0.200856
794, -0.200856
795, -0.200856
796, -0.200856
797, -0.200856
798, -0.200856
799, -0.200856
800, -0.200856
801, -0.005571
802, -0.005571
803, -0.005571
804, -0.005571
805, -0.005571
806, -0.005571
807, -0.005571
808, -0.005571
809, -0.005571
810, -0.005571
811, -0.005571
812, -0.005571
813, -0.005571
814, -0.005571
815, -0.005571
816, -0.005571
817, -0.005571
818, -0.005571
819, -0.005571
820, -0.005571
821, -0.005571
822, -0.005571
823, -0.005571
824, -0.005571
825, -0.005571
826, -0.005571
827, -0.005571
828, -0.005571
829, -0.005571
830, -0.005571
831, -0.005571
832, -0.005571
833, -0.005571
834, -0.005571
835, -0.005571
836, -0.005571
837, -0.005571
838, -0.375495
839, -0.375495
840, -0.846737
841, -0.846737
842, -0.846737
843, -0.846737
844, -0.846737
845, 0.379982
846, 0.379982
847, 0.379982
848, 0.379982
849, 0.379982
850, 0.379982
851, 0.379982
852, 0.379982
853, 0.379982
854, -0.054344
855, -0.054344
856, -0.054344
857, -0.054344
858, -0.054344
859, -0.054344
860, -0.054344
861, -0.054344
862, -0.054344
863, -0.054344
864, -0.054344
865, -0.054344
866, -0.054344
867, -0.054344
868, -0.054344
869, -0.054344
870, 0.092456
871, 0.092456
872, 0.092456
873, 0.092456
874, 0.092456
875, 0.092456
876, 0.092456
877, 0.092456
878, 0.092456
879, 0.092456
880, 0.092456
881, 0.092456
882, 0.092456
883, 0.092456
884, 0.092456
885, 0.092456
886, 0.092456
887, 0.092456
888, 0.092456
889, 0.092456
890, 0.092456
891, 0.092456
892, 0.092456
893, 0.092456
894, 0.092456
895, -0.424063
896, -0.424063
897, -0.424063
898, -0.424063
899, -0.424063
900, -0.424063
901, -1.395718
902, -1.395718
903, 1.164515
904, 1.164515
905, 1.164515
906, 1.164515
907, 1.164515
908, 1.164515
909, -1.008772
910, -1.008772
911, -1.008772
912, -1.008772
913, -1.008772
914, -1.008772
915, -1.008772
916, -1.008772
917, -1.008772
918, -1.008772
919, -1.008772
920, -1.008772
921, -1.008772
922, -1.008772
923, -1.008772
924, -1.008772
925, -1.008772
926, -1.008772
927, -1.008772
928, -1.008772
929, -1.008772
930, -1.008772
931, -1.125011
932, -1.125011
933, -1.125011
934, -1.125011
935, -1.125011
936, -1.125011
937, -1.125011
938, -1.125011
939, 0.168437
940, 0.168437
941, 0.168437
942, 0.168437
943, 0.168437
944, 0.168437
945, 0.168437
946, 0.168437
947, 0.168437
948, 0.168437
949, 0.721775
950, 0.721775
951, -1.356199
952, -1.356199
953, -1.356199
954, -1.356199
955, -1.356199
956, -1.356199
957, -1.356199
958, -1.356199
959, -1.356199
960, -1.356199
961, -1.356199
962, -1.356199
963, -1.356199
964, -1.356199
965, -1.356199
966, -1.356199
967, -1.356199
968, 0.987215
969, 0.987215
970, 0.987215
971, 0.987215
972, 0.987215
973, 0.987215
974, 0.987215
975, 0.987215
976, 0.153589
977, 0.153589
978, -0.057358
979, -0.057358
980, -0.057358
981, -0.057358
982, -0.057358
983, -0.057358
984, -0.057358
985, -0.057358
986, -0.057358
987, -0.057358
988, -0.057358
989, -0.057358
990, -0.057358
991, 0.241805
992, 0.241805
993, 0.241805
994, 0.241805
995, 0.241805
996, 0.241805
997, 0.241805
998, 0.241805
999, 0.241805
