0, 10.000000
1, 10.000000
2, 10.000000
3, -4.084325
4, -4.084325
5, -4.084325
6, -1.951008
7, -1.951008
8, -1.951008
9, -1.951008
10, -1.951008
11, -1.951008
12, -1.951008
13, -1.951008
14, -1.951008
15, -1.951008
16, -1.951008
17, 0.132030
18, 0.132030
19, 0.132030
20, 0.132030
21, 0.132030
22, 0.132030
23, 0.132030
24, 0.132030
25, 0.132030
26, 0.132030
27, 0.132030
28, 0.132030
29, 0.132030
30, 0.132030
31, 0.132030
32, 0.132030
33, 0.132030
34, 0.795745
35, 0.795745
36, 0.795745
37, 0.795745
38, 0.795745
39, 0.795745
40, 0.795745
41, 0.795745
42, 0.795745
43, 0.795745
44, 0.795745
45, -0.015123
46, -0.015123
47, -0.015123
48, -0.188848
49, -0.188848
50, -0.188848
51, -0.188848
52, -0.188848
53, -0.188848
54, -0.188848
55, -0.188848
56, -0.188848
57, -0.433132
58, -0.433132
59, -0.433132
60, -0.433132
61, -0.433132
62, -0.433132
63, -0.433132
64, -0.433132
65, -0.433132
66, -0.433132
67, -0.433132
68, -0.433132
69, -0.433132
70, -0.433132
71, -0.433132
72, -0.433132
73, -0.433132
74, -0.433132
75, -0.433132
76, -0.433132
77, -0.433132
78, -0.433132
79, -0.433132
80, -0.433132
81, -0.433132
82, -0.433132
83, -0.433132
84, -0.433132
85, -0.433132
86, -0.433132
87, -0.433132
88, -0.433132
89, -0.433132
90, -0.433132
91, -0.433132
92, -0.433132
93, -0.433132
94, -0.433132
95, -0.433132
96, -0.433132
97, -0.433132
98, -0.433132
99, -0.433132
100, -0.433132
101, -0.433132
102, -0.433132
103, -0.433132
104, -0.433132
105, -0.433132
106, -0.433132
107, -0.433132
108, -0.433132
109, -0.433132
110, -0.433132
111, -0.433132
112, -0.433132
113, -0.433132
114, -0.433132
115, -0.433132
116, -0.433132
117, -0.433132
118, -0.433132
119, -0.433132
120, -0.433132
121, -0.433132
122, -0.433132
123, -0.433132
124, -0.433132
125, -0.433132
126, -0.433132
127, -0.433132
128, -0.433132
129, -0.433132
130, -0.433132
131, -0.433132
132, -0.433132
133, -0.433132
134, -0.433132
135, -0.433132
136, -0.433132
137, -0.433132
138, -0.433132
139, -0.433132
140, -0.433132
141, -0.433132
142, -0.433132
143, -0.433132
144, -0.433132
145, -0.433132
146, -0.433132
147, 0.041725
148, 0.041725
149, 0.041725
150, 0.041725
151, 0.041725
152, 0.041725
153, 0.041725
154, 0.041725
155, 0.041725
156, 0.041725
157, 0.041725
158, 0.041725
159, 0.041725
160, 0.041725
161, 0.041725
162, 0.041725
163, 0.041725
164, 0.041725
165, 0.041725
166, 0.041725
167, 0.041725
168, 0.041725
169, 0.041725
170, 0.041725
171, 0.041725
172, 0.041725
173, 0.041725
174, 0.041725
175, 0.041725
176, 0.041725
177, 0.041725
178, 0.041725
179, 0.041725
180, 0.041725
181, 0.041725
182, 0.041725
183, 0.041725
184, 0.041725
185, 0.041725
186, 0.041725
187, 0.041725
188, -1.048332
189, -1.048332
190, -1.048332
191, -1.048332
192, -1.048332
193, -1.048332
194, -1.048332
195, 0.866263
196, 0.866263
197, 0.866263
198, 0.866263
199, 0.866263
200, 0.866263
201, 0.866263
202, 0.866263
203, 0.521062
204, 0.521062
205, -1.812323
206, -1.812323
207, -1.812323
208, -0.584833
209, -0.584833
210, -0.584833
211, -0.343529
212, -0.343529
213, -0.343529
214, -0.343529
215, -0.343529
216, -0.343529
217, -0.343529
218, -0.343529
219, -0.343529
220, -0.343529
221, -0.343529
222, -0.343529
223, -0.343529
224, -0.343529
225, -0.343529
226, -0.343529
227, -0.343529
228, -0.343529
229, -0.343529
230, -0.343529
231, -0.343529
232, -0.343529
233, -0.343529
234, -0.343529
235, -0.343529
236, -0.343529
237, -0.343529
238, -0.368913
239, -0.368913
240, -0.368913
241, -0.368913
242, -0.368913
243, -0.368913
244, -0.368913
245, -0.368913
246, -0.368913
247, -0.368913
248, -0.368913
249, -0.368913
250, -0.368913
251, -0.368913
252, -0.368913
253, -0.368913
254, -0.368913
255, -0.368913
256, -0.368913
257, -0.368913
258, -0.368913
259, -0.368913
260, -1.117872
261, -1.117872
262, -1.117872
263, -1.117872
264, -1.117872
265, -1.117872
266, -1.117872
267, -1.117872
268, 0.218808
269, 0.218808
270, 0.218808
271, 0.218808
272, 0.218808
273, 0.218808
274, 0.218808
275, 0.218808
276, 0.218808
277, 0.402109
278, 0.402109
279, 0.402109
280, 0.402109
281, 0.402109
282, 0.402109
283, 0.402109
284, 0.402109
285, 0.402109
286, 0.402109
287, 0.402109
288, 0.402109
289, 0.402109
290, 0.402109
291, 0.402109
292, 0.402109
293, 0.402109
294, 0.402109
295, 0.402109
296, 0.402109
297, 0.402109
298, 0.402109
299, 0.402109
300, 0.402109
301, -0.008953
302, -0.008953
303, -0.008953
304, -0.008953
305, -0.008953
306, -0.008953
307, -0.008953
308, -0.008953
309, -0.008953
310, -0.008953
311, -0.008953
312, -0.008953
313, -0.008953
314, -0.008953
315, -0.008953
316, -0.008953
317, -0.008953
318, -0.008953
319, -0.008953
320, -0.008953
321, -0.008953
322, -0.008953
323, -0.008953
324, -0.008953
325, -0.008953
326, -0.008953
327, -0.008953
328, -0.113903
329, -0.113903
330, -0.113903
331, -0.113903
332, 0.738322
333, 0.738322
334, 0.738322
335, 0.738322
336, 0.738322
337, 0.738322
338, 0.738322
339, 0.738322
340, 0.738322
341, 0.738322
342, 0.738322
343, 0.738322
344, 0.738322
345, 0.738322
346, 0.738322
347, 0.738322
348, 0.738322
349, 0.738322
350, 0.738322
351, 0.738322
352, 0.738322
353, 0.738322
354, 0.738322
355, 0.738322
356, 0.738322
357, 0.738322
358, 0.738322
359, 0.738322
360, 0.738322
361, 0.738322
362, 0.738322
363, 0.738322
364, 0.738322
365, 0.738322
366, 0.738322
367, 0.738322
368, 0.738322
369, 0.738322
370, 0.738322
371, 0.738322
372, 0.738322
373, 0.738322
374, 0.738322
375, 0.738322
376, 0.738322
377, -1.296995
378, -1.296995
379, -1.296995
380, -1.296995
381, -1.296995
382, -1.296995
383, -1.296995
384, -1.296995
385, -1.296995
386, -0.054924
387, -0.054924
388, -0.054924
389, -0.054924
390, -0.054924
391, -0.054924
392, -0.054924
393, -0.054924
394, -0.054924
395, -0.054924
396, -0.054924
397, -0.054924
398, -0.054924
399, -0.054924
400, -0.054924
401, -0.054924
402, -0.054924
403, -0.054924
404, -0.054924
405, -0.054924
406, -0.054924
407, -0.054924
408, -0.054924
409, -0.054924
410, -0.054924
411, -0.054924
412, -0.300652
413, -0.300652
414, -0.300652
415, -0.300652
416, -0.300652
417, -0.300652
418, -0.300652
419, -0.687885
420, -0.687885
421, -0.687885
422, -0.687885
423, -0.687885
424, -0.687885
425, -0.687885
426, -0.687885
427, -0.687885
428, -0.687885
429, -0.687885
430, -0.687885
431, -0.687885
432, -0.687885
433, -1.068015
434, -1.068015
435, -1.068015
436, -1.068015
437, -1.068015
438, -1.068015
439, -1.068015
440, -1.068015
441, -1.325092
442, -1.325092
443, -1.325092
444, -1.325092
445, -1.325092
446, -1.325092
447, -1.325092
448, -1.325092
449, -1.325092
450, -1.325092
451, -1.325092
452, -1.325092
453, -1.325092
454, -1.325092
455, -1.325092
456, -1.325092
457, -1.325092
458, -1.325092
459, -1.325092
460, -1.325092
461, -1.325092
462, -1.325092
463, -1.325092
464, -1.325092
465, -1.325092
466, -1.325092
467, -1.325092
468, -1.325092
469, -1.325092
470, -1.325092
471, 0.664216
472, 0.664216
473, 0.664216
474, 0.664216
475, 0.664216
476, -0.056051
477, -0.056051
478, -0.056051
479, -0.056051
480, -0.056051
481, -0.056051
482, -0.431218
483, -0.431218
484, -0.431218
485, -0.431218
486, -0.431218
487, -0.431218
488, -0.762343
489, -0.762343
490, -0.762343
491, -0.762343
492, 0.641236
493, 0.641236
494, 0.641236
495, 0.641236
496, 0.641236
497, 0.641236
498, 0.641236
499, 0.641236
500, 0.641236
501, 0.641236
502, 0.641236
503, 0.641236
504, 0.641236
505, 0.641236
506, 0.641236
507, 0.641236
508, 0.641236
509, 0.641236
510, 0.641236
511, 0.641236
512, 0.641236
513, 0.641236
514, 0.641236
515, 0.641236
516, 0.641236
517, 0.641236
518, 0.641236
519, 0.641236
520, 0.641236
521, 0.641236
522, 0.641236
523, 0.641236
524, 0.641236
525, 0.641236
526, 0.641236
527, 0.641236
528, 0.641236
529, 0.641236
530, 0.641236
531, 0.641236
532, 0.641236
533, -0.518661
534, -0.518661
535, -0.518661
536, -0.518661
537, -0.518661
538, -0.518661
539, -0.518661
540, -0.518661
541, -0.518661
542, -0.518661
543, -0.518661
544, -0.518661
545, -0.518661
546, -0.518661
547, -0.518661
548, -0.518661
549, -0.518661
550, -0.518661
551, -0.518661
552, -0.518661
553, -0.518661
554, -0.518661
555, -0.518661
556, -0.518661
557, -0.518661
558, -0.518661
559, -0.518661
560, -0.518661
561, -0.518661
562, -0.518661
563, -0.518661
564, -0.518661
565, -0.518661
566, 0.567974
567, 0.567974
568, 0.567974
569, 0.567974
570, 0.567974
571, 0.567974
572, 0.567974
573, 0.567974
574, 0.567974
575, 0.567974
576, 0.567974
577, 0.567974
578, 0.567974
579, 0.567974
580, 0.567974
581, 0.567974
582, 0.567974
583, 0.567974
584, 0.567974
585, 0.567974
586, 0.567974
587, 0.567974
588, 0.567974
589, 0.567974
590, 0.567974
591, 0.567974
592, 0.567974
593, 0.567974
594, 0.567974
595, 0.567974
596, 0.567974
597, 0.567974
598, 0.567974
599, 0.567974
600, 0.567974
601, 0.567974
602, 0.567974
603, 0.567974
604, 0.567974
605, 0.567974
606, 0.567974
607, 0.567974
608, 0.567974
609, 0.567974
610, 0.567974
611, 0.567974
612, 0.567974
613, 0.567974
614, 0.567974
615, 0.567974
616, 0.567974
617, 0.567974
618, 0.567974
619, 0.567974
620, 0.567974
621, -0.243298
622, -0.243298
623, -0.243298
624, -0.243298
625, -0.243298
626, -0.243298
627, -0.243298
628, -0.243298
629, -0.243298
630, -0.243298
631, -0.243298
632, -0.243298
633, -0.243298
634, -0.243298
635, -0.243298
636, -0.243298
637, -0.243298
638, -0.243298
639, -0.243298
640, -0.243298
641, -0.243298
642, -0.243298
643, -0.243298
644, -0.243298
645, -0.243298
646, 0.454558
647, 0.454558
648, 0.454558
649, 0.454558
650, 0.454558
651, 0.454558
652, 0.454558
653, 0.454558
654, 0.454558
655, 0.454558
656, 0.454558
657, 0.454558
658, 0.454558
659, 0.454558
660, 0.454558
661, 0.454558
662, 0.454558
663, 0.454558
664, 0.454558
665, 0.454558
666, 0.454558
667, 0.454558
668, 0.454558
669, 0.454558
670, 0.454558
671, 0.454558
672, 0.454558
673, 0.454558
674, 0.454558
675, 0.454558
676, 0.454558
677, 0.454558
678, 0.454558
679, 0.454558
680, 0.454558
681, 0.454558
682, 0.454558
683, 1.554312
684, 0.078208
685, 0.078208
686, 0.078208
687, 0.078208
688, 0.078208
689, 0.078208
690, 0.078208
691, 0.078208
692, 0.078208
693, 0.078208
694, 0.078208
695, 0.078208
696, 0.078208
697, 0.078208
698, 0.078208
699, 0.078208
700, 0.078208
701, 0.078208
702, 0.078208
703, 0.078208
704, 0.078208
705, 0.078208
706, 0.078208
707, 0.078208
708, 0.078208
709, 0.078208
710, 0.078208
711, 0.078208
712, 0.078208
713, 0.078208
714, 0.078208
715, 0.078208
716, 0.078208
717, 0.078208
718, 0.078208
719, 0.191311
720, 0.191311
721, 0.191311
722, 0.191311
723, 0.191311
724, 0.191311
725, 0.191311
726, 0.191311
727, 0.191311
728, 0.191311
729, 0.191311
730, 0.191311
731, 0.191311
732, 0.191311
733, 0.191311
734, 0.191311
735, 0.051283
736, 0.051283
737, 0.051283
738, 0.051283
739, 0.051283
740, 0.051283
741, 0.051283
742, -0.688897
743, -0.688897
744, -0.688897
745, -0.688897
746, -0.688897
747, -0.688897
748, -0.688897
749, -0.688897
750, -0.688897
751, -0.688897
752, -0.688897
753, -0.688897
754, -0.688897
755, 0.986396
756, 0.986396
757, -0.508967
758, -0.508967
759, -0.508967
760, -0.508967
761, -0.508967
762, -0.508967
763, -0.508967
764, -0.508967
765, -0.508967
766, -0.508967
767, -0.508967
768, -0.508967
769, -0.508967
770, -0.508967
771, -0.508967
772, -0.508967
773, -0.508967
774, -0.508967
775, -0.508967
776, -0.386853
777, -0.386853
778, -0.386853
779, -0.386853
780, -0.386853
781, -0.386853
782, -0.386853
783, -0.386853
784, -0.386853
785, -0.386853
786, -0.386853
787, -0.386853
788, -0.386853
789, -0.386853
790, -0.386853
791, -0.386853
792, -0.386853
793, -0.386853
794, -0.386853
795, -0.386853
796, -0.386853
797, -0.386853
798, -0.386853
799, -0.386853
800, -0.386853
801, -0.386853
802, -0.386853
803, -0.386853
804, -0.386853
805, -0.386853
806, -0.386853
807, -0.386853
808, -0.386853
809, -0.386853
810, -0.386853
811, -0.386853
812, -0.386853
813, -0.386853
814, -0.386853
815, -0.386853
816, -0.386853
817, -0.386853
818, -0.386853
819, -0.386853
820, -0.386853
821, -0.386853
822, -0.386853
823, -0.386853
824, -0.386853
825, -0.386853
826, -0.386853
827, -0.386853
828, -0.386853
829, -0.386853
830, -0.386853
831, -0.386853
832, -0.386853
833, -0.386853
834, -0.386853
835, -0.386853
836, -0.386853
837, -0.386853
838, 1.292241
839, 1.292241
840, 1.292241
841, 1.292241
842, 1.292241
843, 1.292241
844, 1.292241
845, 1.292241
846, 1.292241
847, 1.292241
848, 1.292241
849, 1.292241
850, 1.292241
851, 1.292241
852, 1.292241
853, -1.155631
854, -1.155631
855, -1.155631
856, 0.819679
857, 0.819679
858, 0.819679
859, 0.819679
860, 0.819679
861, 0.819679
862, 0.819679
863, 0.819679
864, 0.819679
865, 0.819679
866, 0.819679
867, 0.819679
868, 0.819679
869, 0.819679
870, 0.819679
871, 0.819679
872, 0.819679
873, 0.819679
874, 0.895723
875, 0.895723
876, 0.895723
877, 0.895723
878, 0.895723
879, 0.895723
880, 0.895723
881, 0.895723
882, 0.895723
883, 0.895723
884, 0.895723
885, 0.895723
886, 0.895723
887, 0.051594
888, 0.051594
889, 0.051594
890, 0.051594
891, 0.051594
892, 0.051594
893, 0.051594
894, 0.051594
895, 0.051594
896, 0.051594
897, 0.051594
898, 0.051594
899, 0.051594
900, -0.352927
901, -0.352927
902, -0.352927
903, -0.352927
904, -0.352927
905, -0.352927
906, -0.352927
907, 0.072353
908, 0.072353
909, 0.072353
910, 0.072353
911, 0.072353
912, 0.072353
913, 0.072353
914, 0.072353
915, 0.072353
916, 0.072353
917, 0.072353
918, 0.072353
919, 0.072353
920, 0.072353
921, 0.072353
922, 0.072353
923, 0.072353
924, 0.072353
925, 0.072353
926, 0.072353
927, 0.072353
928, 0.072353
929, 0.072353
930, 0.072353
931, 0.004657
932, 0.004657
933, 0.004657
934, 0.004657
935, 0.004657
936, 0.004657
937, 0.004657
938, 0.004657
939, 0.004657
940, 0.004657
941, 0.004657
942, 0.004657
943, 0.004657
944, 0.004657
945, 0.004657
946, 0.004657
947, 0.004657
948, 0.004657
949, 0.004657
950, 0.004657
951, 0.004657
952, 0.004657
953, 0.004657
954, 0.004657
955, 0.004657
956, 0.004657
957, 0.004657
958, 0.004657
959, 0.004657
960, 0.004657
961, 0.004657
962, 0.004657
963, 0.004657
964, 0.004657
965, 0.004657
966, 0.004657
967, 0.004657
968, 0.004657
969, 0.004657
970, 0.004657
971, 0.004657
972, 0.004657
973, 0.004657
974, 0.004657
975, 0.004657
976, 0.004657
977, 0.004657
978, 0.004657
979, 0.004657
980, 0.004657
981, 0.004657
982, 0.004657
983, 0.004657
984, 0.004657
985, 0.004657
986, 0.004657
987, 0.004657
988, 0.259412
989, 0.259412
990, 0.259412
991, 0.259412
992, 0.259412
993, 0.259412
994, 0.259412
995, 0.259412
996, 0.259412
997, 0.259412
998, 0.259412
999, 0.259412
