0, 10.000000
1, 10.000000
2, 9.382168
3, 9.382168
4, 9.133476
5, 9.133476
6, 7.765067
7, 6.680947
8, 6.424877
9, 6.333798
10, 6.333798
11, 6.043335
12, 5.959945
13, 6.008096
14, 6.008096
15, 5.901613
16, 5.560510
17, 5.560510
18, 5.560510
19, 4.091793
20, 3.827006
21, 2.533544
22, 2.533544
23, 2.587339
24, 1.706474
25, 0.943840
26, 0.943840
27, 0.943840
28, 0.943840
29, 0.943840
30, 0.293623
31, 0.293623
32, -0.639363
33, -0.639363
34, -0.639363
35, -0.639363
36, -0.639363
37, 0.238159
38, -0.419323
39, 0.343377
40, 0.343377
41, -0.587459
42, -0.587459
43, -0.587459
44, -0.587459
45, -0.908768
46, -0.908768
47, -1.288336
48, -0.624445
49, -0.624445
50, -0.624445
51, -0.570213
52, 0.095412
53, 0.095412
54, 0.095412
55, 1.018698
56, -0.120126
57, 0.899375
58, 0.273538
59, -0.296550
60, -0.631967
61, -0.631967
62, -0.631967
63, -0.631967
64, 0.658960
65, 0.658960
66, -0.310301
67, -0.310301
68, -0.310301
69, 0.397724
70, -0.046778
71, 0.758427
72, -0.709496
73, 0.674064
74, 0.674064
75, 0.674064
76, -0.223734
77, 0.454950
78, 0.454950
79, 0.844102
80, 0.266704
81, 0.814701
82, 0.814701
83, -0.590570
84, -0.590570
85, -1.559583
86, -1.559583
87, -1.559583
88, -0.202576
89, -0.202576
90, 0.487593
91, -0.393967
92, -0.393967
93, -0.393967
94, -1.562464
95, -1.562464
96, -1.816525
97, -1.816525
98, -1.816525
99, -0.824281
100, -0.824281
101, -0.726903
102, 0.508195
103, -0.677181
104, -0.139294
105, 0.120020
106, 0.120020
107, 0.120020
108, 0.120020
109, 0.842887
110, 1.205158
111, 0.980899
112, 0.371576
113, 0.371576
114, -0.366004
115, -0.366004
116, -0.366004
117, -0.390296
118, -0.390296
119, -1.271392
120, -1.271392
121, -0.518881
122, 0.951150
123, 0.951150
124, 1.123051
125, 1.123051
126, 0.582058
127, 0.012844
128, 0.012844
129, 0.012844
130, -0.038140
131, -0.038140
132, -0.038140
133, -0.095995
134, -0.687038
135, 0.168849
136, 0.168849
137, 0.219389
138, 1.140437
139, 0.560395
140, 0.560395
141, 0.560395
142, 1.369673
143, 0.761478
144, 0.761478
145, 0.761478
146, 1.381747
147, 0.707586
148, 0.516160
149, 0.874918
150, 1.168260
151, 1.168260
152, 1.168260
153, 0.457459
154, -0.987831
155, -0.987831
156, -0.501311
157, 0.096571
158, 0.096571
159, 0.096571
160, 0.096571
161, 0.570730
162, 0.976004
163, 0.976004
164, 0.668351
165, 1.087591
166, 1.282717
167, 1.282717
168, 2.381843
169, 2.381843
170, 1.440354
171, 1.080905
172, 1.080905
173, 0.134701
174, 0.806792
175, 0.806792
176, 0.806792
177, 0.806792
178, 0.806792
179, 0.806792
180, 0.918165
181, 0.743688
182, 0.055529
183, 0.055529
184, 0.055529
185, 0.626330
186, -0.020894
187, -0.020894
188, -1.193650
189, -1.264602
190, -1.467725
191, -1.467725
192, -1.467725
193, -1.084752
194, -0.218811
195, -0.218811
196, -0.218811
197, 0.456063
198, 0.456063
199, 0.441579
200, 0.928205
201, 0.928205
202, 0.870544
203, 0.870544
204, 0.870544
205, 0.807485
206, 0.807485
207, 0.596797
208, -0.682046
209, -0.682046
210, -0.682046
211, -0.260735
212, -0.250171
213, 0.691548
214, -0.473459
215, -0.173436
216, -0.173436
217, -0.185620
218, 0.394031
219, 0.394031
220, 0.394031
221, 0.394031
222, -0.833952
223, -0.179463
224, 0.418202
225, -0.908978
226, 0.312854
227, 0.312854
228, 0.312854
229, 0.069185
230, 0.662302
231, 0.260670
232, -0.343944
233, -1.126230
234, -1.126230
235, 0.133501
236, 0.535470
237, 0.535470
238, 0.037795
239, -0.305533
240, 0.231649
241, 0.231649
242, 0.231649
243, 0.231649
244, -0.455733
245, -0.019937
246, -0.019937
247, 0.167241
248, -0.231263
249, 0.184478
250, 0.056553
251, -0.026874
252, -0.613836
253, -0.600244
254, -1.383829
255, -1.383829
256, -1.383829
257, -1.044391
258, -1.044391
259, -0.484254
260, -0.190310
261, -0.190310
262, -0.107187
263, -0.306234
264, -0.306234
265, -0.690957
266, 0.185100
267, -0.101656
268, 1.105504
269, 1.105504
270, 0.615220
271, 0.615220
272, 0.615220
273, 0.615220
274, -0.735975
275, -0.085459
276, -0.085459
277, -0.085459
278, 0.834189
279, 0.834189
280, 0.216404
281, 0.279070
282, -0.209384
283, -1.304949
284, -1.304949
285, -1.609172
286, -1.609172
287, -1.131930
288, 0.096597
289, 0.423384
290, 0.252246
291, 0.252246
292, 0.252246
293, 1.177087
294, 0.850449
295, -0.492198
296, -0.107485
297, -0.601255
298, -0.234367
299, -0.234367
300, -0.771269
301, 0.404705
302, -0.096809
303, -0.096809
304, -0.096809
305, 0.734910
306, 0.393044
307, 0.393044
308, 0.395396
309, 0.069807
310, 0.069807
311, 0.151503
312, 1.033259
313, 1.033259
314, -0.299542
315, 0.551260
316, 0.551260
317, 0.551260
318, 0.551260
319, -0.600059
320, 0.130796
321, -0.154840
322, 0.348445
323, 0.348445
324, 0.348445
325, 0.348445
326, 0.348445
327, -0.374792
328, 0.107588
329, 0.364798
330, 1.034782
331, 1.034782
332, 1.034782
333, 1.034782
334, 1.014482
335, 0.700670
336, 0.176040
337, 0.176040
338, 0.419739
339, 0.393292
340, 0.393292
341, 0.601122
342, -0.544624
343, -0.302990
344, 0.330756
345, 0.310693
346, 0.541133
347, -0.416954
348, -0.416954
349, 0.440302
350, -0.911181
351, -0.911181
352, -0.911181
353, -0.989933
354, -0.578363
355, 0.912732
356, 0.912732
357, 0.912732
358, -0.018835
359, -0.018835
360, -0.018835
361, 0.591164
362, 0.129484
363, 0.129484
364, 0.129484
365, 0.129484
366, 0.129484
367, 0.129484
368, 1.099984
369, 0.727664
370, 0.586768
371, -0.125979
372, 1.269901
373, 0.059609
374, 0.059609
375, 0.059609
376, 0.059609
377, 0.059609
378, 0.059609
379, 0.059609
380, 0.318281
381, 0.318281
382, 0.500456
383, 0.327088
384, 0.327088
385, 0.327088
386, 0.327088
387, 0.265107
388, 0.035800
389, 0.019806
390, 0.724022
391, 0.724022
392, -0.498741
393, 0.443508
394, 0.185416
395, 0.185416
396, -0.652567
397, -0.372291
398, -0.597503
399, -0.436474
400, 0.736563
401, 0.736563
402, 0.736563
403, 0.736563
404, 0.013716
405, -0.546174
406, -0.806596
407, 0.496453
408, 1.790505
409, 0.560772
410, -0.021322
411, 0.785452
412, 0.785452
413, 0.785452
414, 0.370709
415, 0.370709
416, 0.370709
417, 0.370709
418, -0.421989
419, -0.421989
420, -0.421989
421, 0.026269
422, 1.436869
423, 1.436869
424, 1.436869
425, 0.012676
426, 1.069654
427, 1.069654
428, 1.248339
429, 0.444435
430, 0.444435
431, 0.228893
432, -0.048334
433, -0.048334
434, -0.048334
435, -0.981586
436, -1.392053
437, -1.392053
438, -1.074667
439, -0.441954
440, 0.435122
441, -0.330660
442, -1.034927
443, -1.034927
444, -1.497343
445, -1.497343
446, -1.497343
447, -0.189011
448, 0.063286
449, -0.255410
450, 0.136489
451, 0.136489
452, 0.136489
453, 0.136489
454, 0.136489
455, -0.487038
456, -1.043327
457, -1.043327
458, 0.151780
459, -0.372159
460, 0.380745
461, 0.380745
462, 0.380745
463, -0.288704
464, 0.885984
465, -0.099731
466, -0.099731
467, -0.099731
468, -0.099731
469, -0.099731
470, 0.229187
471, 0.229187
472, 0.229187
473, 0.229187
474, -1.208894
475, -1.208894
476, 0.051908
477, 0.051908
478, 0.051908
479, 0.051908
480, 0.051908
481, 0.051908
482, 0.716866
483, 0.006971
484, 0.006971
485, 0.006971
486, -0.359392
487, 0.068413
488, 0.068413
489, -0.182677
490, -0.182677
491, 0.445508
492, 0.445508
493, -0.980459
494, -0.980459
495, -0.980459
496, 0.187649
497, 0.374272
498, -0.029733
499, 0.390056
500, 0.390056
501, 0.751843
502, 0.751843
503, -0.142612
504, -0.142612
505, -0.142612
506, -0.142612
507, 0.832091
508, 0.832091
509, 0.832091
510, -0.651739
511, -0.928492
512, -0.928492
513, -0.078212
514, -1.493639
515, -1.493639
516, -1.584348
517, -1.352787
518, -1.352787
519, -2.128976
520, -2.630969
521, -2.547234
522, -2.547234
523, -2.547234
524, -1.531313
525, -0.681058
526, 0.330433
527, 0.491494
528, 0.796025
529, -0.702773
530, -0.474376
531, 0.549931
532, -0.269774
533, -0.269774
534, -0.269774
535, 0.865574
536, -0.132250
537, -0.132250
538, 0.214762
539, -0.387871
540, -0.553998
541, -0.553998
542, -0.354671
543, -0.354671
544, -0.354671
545, -0.354671
546, -0.118143
547, 0.153225
548, 0.153225
549, 0.153225
550, -0.530357
551, 0.065933
552, -0.189172
553, -0.563857
554, -0.477228
555, -0.477228
556, -0.477228
557, -0.494020
558, 0.222297
559, 0.222297
560, -0.581408
561, -0.828493
562, -0.397647
563, -0.397647
564, -0.359326
565, -0.359326
566, -0.359326
567, -0.359326
568, 0.060389
569, 0.060389
570, -0.154631
571, -0.154631
572, -0.071412
573, -0.003106
574, -0.003106
575, -0.208882
576, 0.448532
577, -0.309973
578, -0.227789
579, 0.290560
580, 0.123342
581, -0.713146
582, -0.713146
583, 0.539056
584, 1.001212
585, 1.001212
586, 0.925140
587, -0.042978
588, -0.042978
589, 0.679143
590, 0.679143
591, 0.474703
592, -0.318528
593, 0.025304
594, 1.362210
595, 1.094658
596, 0.747387
597, 0.747387
598, -0.428825
599, -0.428825
600, -0.428825
601, 0.515652
602, 1.074815
603, 0.429863
604, 0.625031
605, -0.563845
606, -0.327479
607, -0.884492
608, -0.884492
609, -0.884492
610, -0.884492
611, 0.256011
612, 0.256011
613, -0.507833
614, -0.507833
615, 0.938326
616, 0.612728
617, 0.216633
618, 0.997599
619, 0.997599
620, 0.997599
621, -0.425484
622, -0.828706
623, 0.435993
624, 0.435993
625, 0.435993
626, 0.435993
627, 0.015856
628, 0.015856
629, 0.988561
630, 0.988561
631, 0.988561
632, 0.941043
633, 1.982049
634, 1.982049
635, 1.982049
636, 1.982049
637, 1.982049
638, 1.982049
639, 1.982049
640, 0.874999
641, 0.632086
642, 0.632086
643, 0.041436
644, -0.135686
645, -0.594811
646, -0.594811
647, 0.230240
648, 0.078249
649, 0.059710
650, 0.030884
651, 0.030884
652, 0.899633
653, -0.380673
654, 0.335422
655, 0.284817
656, 0.604597
657, 0.670208
658, 0.670208
659, -0.529784
660, -0.304831
661, -0.427206
662, -0.562830
663, -0.570101
664, 0.062789
665, 0.062789
666, 0.062789
667, -0.009905
668, -0.011196
669, -1.402356
670, -1.055257
671, -0.835953
672, 0.306448
673, -0.887299
674, -0.887299
675, -0.887299
676, -0.887299
677, -0.887299
678, -0.887299
679, -0.887299
680, -0.324844
681, 0.101214
682, 1.053801
683, 0.183586
684, 0.183586
685, 0.183586
686, -0.700310
687, -1.123138
688, -1.123138
689, -1.123138
690, -0.498074
691, 0.549234
692, 0.549234
693, 0.363946
694, -0.134231
695, -0.134231
696, 0.668419
697, -0.791007
698, 0.417960
699, -0.059555
700, -0.251397
701, 0.267398
702, -0.321455
703, 0.018514
704, -0.097675
705, -0.097675
706, -0.097675
707, -0.097675
708, -0.238162
709, 0.176899
710, 0.176899
711, -0.761454
712, -0.761454
713, -0.761454
714, -0.824585
715, -0.459019
716, 0.042343
717, 0.018059
718, 0.018059
719, -0.101282
720, -0.101282
721, 0.762414
722, 0.779134
723, 0.661892
724, 0.661892
725, -0.010187
726, 0.095485
727, -0.230525
728, -0.230525
729, 0.586354
730, 0.586354
731, -0.005616
732, -0.005616
733, -0.005616
734, -0.005616
735, -0.005616
736, -0.223617
737, -0.223617
738, 0.713414
739, 0.263496
740, 0.263496
741, 1.234931
742, 1.234931
743, -0.234176
744, 0.712695
745, 0.351743
746, 1.262612
747, 1.262612
748, 0.286071
749, 0.286071
750, -0.632541
751, -0.903912
752, -0.302419
753, 0.629326
754, 0.629326
755, 0.055757
756, 0.055757
757, 0.055757
758, 0.085761
759, 0.018162
760, 0.018162
761, 0.018162
762, 0.518406
763, -0.834386
764, 0.559460
765, -0.046870
766, -0.046870
767, -0.046870
768, -0.046870
769, -0.046870
770, -1.394911
771, -0.246876
772, -0.246876
773, -0.246876
774, -1.056125
775, -0.526599
776, -0.526599
777, -0.291666
778, -0.291666
779, 0.036570
780, 0.036570
781, 0.036570
782, 0.133456
783, 0.571079
784, -0.550457
785, -0.550457
786, -0.550457
787, 0.105775
788, 0.105775
789, 0.105775
790, 0.456364
791, 0.456364
792, 0.532460
793, 0.351788
794, 0.351788
795, -0.928395
796, -1.028283
797, 0.359587
798, 0.436861
799, 0.436861
800, 0.436861
801, 0.436861
802, 0.436861
803, 0.436861
804, 0.203323
805, 0.652651
806, -0.115026
807, 0.493168
808, 0.547020
809, 0.263228
810, -0.257645
811, -0.257645
812, -1.506433
813, -1.506433
814, -1.506433
815, -0.080295
816, 0.642652
817, 0.649946
818, 0.649946
819, 1.327550
820, 1.327550
821, 1.327550
822, 1.327550
823, 0.543304
824, 0.543304
825, -0.238727
826, -0.238727
827, -0.238727
828, -0.238727
829, 0.391392
830, 1.305412
831, 1.501809
832, 1.610223
833, 0.758824
834, 0.256707
835, 0.489974
836, 0.328116
837, 0.328116
838, 0.014835
839, 0.014835
840, 0.014835
841, 0.001765
842, 0.001765
843, 0.696037
844, 0.357687
845, -0.579117
846, -0.579117
847, 0.171866
848, 0.028452
849, 0.794503
850, 0.232184
851, 0.232184
852, 0.232184
853, 0.232184
854, 0.800132
855, 0.800132
856, -0.058977
857, 0.936141
858, 0.936141
859, 0.936141
860, 0.936141
861, 0.327037
862, 0.327037
863, -0.484575
864, -1.706782
865, -1.706782
866, -0.971204
867, -0.940602
868, -1.460517
869, -0.550104
870, -0.550104
871, 0.190431
872, 0.190431
873, 0.418678
874, 0.418678
875, 0.418678
876, 0.418678
877, 0.418678
878, -0.460939
879, -0.549611
880, -0.336672
881, -0.503097
882, -0.008198
883, 0.323869
884, -0.263096
885, 0.113065
886, -0.160111
887, 0.076606
888, 0.076606
889, 1.085992
890, 1.085992
891, 1.085992
892, -0.232230
893, -0.232230
894, 1.224039
895, -0.179937
896, -0.179937
897, -0.579446
898, -0.579446
899, 0.195871
900, 0.195871
901, -0.307535
902, -0.307535
903, -0.547748
904, -0.547748
905, 0.539169
906, 1.638736
907, 0.512556
908, 0.463652
909, -0.362128
910, -0.297471
911, -0.858807
912, -1.391220
913, -0.469102
914, -0.314152
915, -0.314152
916, 0.324851
917, -0.712887
918, -0.133552
919, 0.229060
920, 0.229060
921, 0.229060
922, 0.285643
923, 0.285643
924, 0.285643
925, -1.088650
926, -0.429705
927, -0.317576
928, 0.757172
929, 0.680415
930, 0.478486
931, 0.351238
932, 0.351238
933, 0.351238
934, 0.351238
935, 0.351238
936, 0.351989
937, 0.158641
938, 0.158641
939, 0.502644
940, 0.502644
941, 0.367324
942, 0.636744
943, 1.403814
944, 1.486326
945, 0.994051
946, 0.994051
947, 0.740595
948, 0.740595
949, 0.740595
950, 0.740595
951, 0.552791
952, 1.202147
953, 1.178012
954, 1.373444
955, 1.373444
956, 1.373444
957, 0.170948
958, 0.170948
959, 0.170948
960, -1.159775
961, -0.608436
962, -0.194185
963, 0.327361
964, 0.473317
965, 0.473317
966, -0.211826
967, 0.064841
968, -0.040078
969, -0.040078
970, -0.040078
971, -0.040078
972, 0.473307
973, -0.783698
974, -0.783698
975, -0.783698
976, -0.783698
977, 0.621444
978, 0.897744
979, 0.897744
980, 1.080810
981, 1.100108
982, 0.866623
983, -0.229846
984, -0.229846
985, -0.229846
986, -0.514922
987, -0.514922
988, -0.514922
989, -1.022771
990, -1.022771
991, -1.104312
992, -1.104312
993, 0.325450
994, -0.173144
995, -0.849220
996, -0.849220
997, -1.542584
998, -0.921709
999, -0.326974
